bag: /media/morita/SSD_B0084/20241227_tokyo_metoro/2024-12-27-01-24-42/record_camera/2024-12-27-01-24-42_record_camera_1.bag
workdir: /media/morita/SSD_B0084/visual-odometry/dataset/toykometro_20241227/pycuvslam

encode: rgb8

cameras:
  - name: left
    topic: /camera/0/image_raw/compressed
    extrinsic: [0.00879581, -0.999961, -0.000407613, 0, 0.999906, 0.00879105, 0.0105038, 0.05, -0.0104998, -0.000499964, 0.999945, -0.095, 0, 0, 0, 1]
    intrinsic: [858.39171, 0., 961.59339, 0., 910.44315, 648.00907, 0., 0., 1.]
    distortion: [-0.144805, 0.031766, -0.001839, -0.004240, -0.003711]
    resolution: [1920, 1280]
  - name: front
    topic: /camera/1/image_raw/compressed
    extrinsic: [0.999707, 0.0230094, 0.00746343, 0.05, -0.0229976, 0.999734, -0.00167222, 0, -0.00749992, 0.00150009, 0.999971, -0.095, 0, 0, 0, 1]
    intrinsic: [845.46146, 0., 971.53006, 0., 897.48469, 648.14545, 0., 0., 1.]
    distortion: [-0.149142, 0.034490, -0.000169, -0.000587, -0.004404]
    resolution: [1920, 1280]
  - name: right
    topic: /camera/2/image_raw/compressed
    extrinsic: [0.0102957, 0.999939, -0.00390197, 0, -0.999902, 0.010258, -0.00954039, -0.05, -0.00949978, 0.00399981, 0.999947, -0.095, 0, 0, 0, 1]
    intrinsic: [846.22438, 0., 846.22438, 0., 893.14848, 653.53268, 0., 0., 1.]
    distortion: [-0.150281, 0.036039, -0.000800, -0.002397, -0.004935]
    resolution: [1920, 1280]
  # - name: rear
  #   topic: /camera/2/image_raw/compressed
  #   intrinsic: [800.0, 800.0, 960.0, 540.0]
  #   distortion: [0.0, 0.0, 0.0, 0.0, 0.0]
  #   resolution: [1920, 1080]